0 1088
0 8.65051903114187e-04
1 8.65051903114187e-04
2 8.65051903114187e-04
3 8.65051903114187e-04
4 8.65051903114187e-04
5 8.65051903114187e-04
6 8.65051903114187e-04
7 8.65051903114187e-04
8 8.65051903114187e-04
9 8.65051903114187e-04
10 8.65051903114187e-04
11 8.65051903114187e-04
12 8.65051903114187e-04
13 8.65051903114187e-04
14 8.65051903114187e-04
15 8.65051903114187e-04
16 8.65051903114187e-04
17 8.65051903114187e-04
18 8.65051903114187e-04
19 8.65051903114187e-04
20 8.65051903114187e-04
21 8.65051903114187e-04
22 8.65051903114187e-04
23 8.65051903114187e-04
24 8.65051903114187e-04
25 8.65051903114187e-04
26 8.65051903114187e-04
27 8.65051903114187e-04
28 8.65051903114187e-04
29 8.65051903114187e-04
30 8.65051903114187e-04
31 8.65051903114187e-04
32 8.65051903114187e-04
33 8.65051903114187e-04
34 8.65051903114187e-04
35 8.65051903114187e-04
36 8.65051903114187e-04
37 8.65051903114187e-04
38 8.65051903114187e-04
39 8.65051903114187e-04
40 8.65051903114187e-04
41 8.65051903114187e-04
42 8.65051903114187e-04
43 8.65051903114187e-04
44 8.65051903114187e-04
45 8.65051903114187e-04
46 8.65051903114187e-04
47 8.65051903114187e-04
48 8.65051903114187e-04
49 8.65051903114187e-04
50 8.65051903114187e-04
51 8.65051903114187e-04
52 8.65051903114187e-04
53 8.65051903114187e-04
54 8.65051903114187e-04
55 8.65051903114187e-04
56 8.65051903114187e-04
57 8.65051903114187e-04
58 8.65051903114187e-04
59 8.65051903114187e-04
60 8.65051903114187e-04
61 8.65051903114187e-04
62 8.65051903114187e-04
63 8.65051903114187e-04
64 8.65051903114187e-04
65 8.65051903114187e-04
66 8.65051903114187e-04
67 8.65051903114187e-04
68 8.65051903114187e-04
69 8.65051903114187e-04
70 8.65051903114187e-04
71 8.65051903114187e-04
72 8.65051903114187e-04
73 8.65051903114187e-04
74 8.65051903114187e-04
75 8.65051903114187e-04
76 8.65051903114187e-04
77 8.65051903114187e-04
78 8.65051903114187e-04
79 8.65051903114187e-04
80 8.65051903114187e-04
81 8.65051903114187e-04
82 8.65051903114187e-04
83 8.65051903114187e-04
84 8.65051903114187e-04
85 8.65051903114187e-04
86 8.65051903114187e-04
87 8.65051903114187e-04
88 8.65051903114187e-04
89 8.65051903114187e-04
90 8.65051903114187e-04
91 8.65051903114187e-04
92 8.65051903114187e-04
93 8.65051903114187e-04
94 8.65051903114187e-04
95 8.65051903114187e-04
96 8.65051903114187e-04
97 8.65051903114187e-04
98 8.65051903114187e-04
99 8.65051903114187e-04
100 8.65051903114187e-04
101 8.65051903114187e-04
102 8.65051903114187e-04
103 8.65051903114187e-04
104 8.65051903114187e-04
105 8.65051903114187e-04
106 8.65051903114187e-04
107 8.65051903114187e-04
108 8.65051903114187e-04
109 8.65051903114187e-04
110 8.65051903114187e-04
111 8.65051903114187e-04
112 8.65051903114187e-04
113 8.65051903114187e-04
114 8.65051903114187e-04
115 8.65051903114187e-04
116 8.65051903114187e-04
117 8.65051903114187e-04
118 8.65051903114187e-04
119 8.65051903114187e-04
120 8.65051903114187e-04
121 8.65051903114187e-04
122 8.65051903114187e-04
123 8.65051903114187e-04
124 8.65051903114187e-04
125 8.65051903114187e-04
126 8.65051903114187e-04
127 8.65051903114187e-04
128 8.65051903114187e-04
129 8.65051903114187e-04
130 8.65051903114187e-04
131 8.65051903114187e-04
132 8.65051903114187e-04
133 8.65051903114187e-04
134 8.65051903114187e-04
135 8.65051903114187e-04
136 8.65051903114187e-04
137 8.65051903114187e-04
138 8.65051903114187e-04
139 8.65051903114187e-04
140 8.65051903114187e-04
141 8.65051903114187e-04
142 8.65051903114187e-04
143 8.65051903114187e-04
144 8.65051903114187e-04
145 8.65051903114187e-04
146 8.65051903114187e-04
147 8.65051903114187e-04
148 8.65051903114187e-04
149 8.65051903114187e-04
150 8.65051903114187e-04
151 8.65051903114187e-04
152 8.65051903114187e-04
153 8.65051903114187e-04
154 8.65051903114187e-04
155 8.65051903114187e-04
156 8.65051903114187e-04
157 8.65051903114187e-04
158 8.65051903114187e-04
159 8.65051903114187e-04
160 8.65051903114187e-04
161 8.65051903114187e-04
162 8.65051903114187e-04
163 8.65051903114187e-04
164 8.65051903114187e-04
165 8.65051903114187e-04
166 8.65051903114187e-04
167 8.65051903114187e-04
168 8.65051903114187e-04
169 8.65051903114187e-04
170 8.65051903114187e-04
171 8.65051903114187e-04
172 8.65051903114187e-04
173 8.65051903114187e-04
174 8.65051903114187e-04
175 8.65051903114187e-04
176 8.65051903114187e-04
177 8.65051903114187e-04
178 8.65051903114187e-04
179 8.65051903114187e-04
180 8.65051903114187e-04
181 8.65051903114187e-04
182 8.65051903114187e-04
183 8.65051903114187e-04
184 8.65051903114187e-04
185 8.65051903114187e-04
186 8.65051903114187e-04
187 8.65051903114187e-04
188 8.65051903114187e-04
189 8.65051903114187e-04
190 8.65051903114187e-04
191 8.65051903114187e-04
192 8.65051903114187e-04
193 8.65051903114187e-04
194 8.65051903114187e-04
195 8.65051903114187e-04
196 8.65051903114187e-04
197 8.65051903114187e-04
198 8.65051903114187e-04
199 8.65051903114187e-04
200 8.65051903114187e-04
201 8.65051903114187e-04
202 8.65051903114187e-04
203 8.65051903114187e-04
204 8.65051903114187e-04
205 8.65051903114187e-04
206 8.65051903114187e-04
207 8.65051903114187e-04
208 8.65051903114187e-04
209 8.65051903114187e-04
210 8.65051903114187e-04
211 8.65051903114187e-04
212 8.65051903114187e-04
213 8.65051903114187e-04
214 8.65051903114187e-04
215 8.65051903114187e-04
216 8.65051903114187e-04
217 8.65051903114187e-04
218 8.65051903114187e-04
219 8.65051903114187e-04
220 8.65051903114187e-04
221 8.65051903114187e-04
222 8.65051903114187e-04
223 8.65051903114187e-04
224 8.65051903114187e-04
225 8.65051903114187e-04
226 8.65051903114187e-04
227 8.65051903114187e-04
228 8.65051903114187e-04
229 8.65051903114187e-04
230 8.65051903114187e-04
231 8.65051903114187e-04
232 8.65051903114187e-04
233 8.65051903114187e-04
234 8.65051903114187e-04
235 8.65051903114187e-04
236 8.65051903114187e-04
237 8.65051903114187e-04
238 8.65051903114187e-04
239 8.65051903114187e-04
240 8.65051903114187e-04
241 8.65051903114187e-04
242 8.65051903114187e-04
243 8.65051903114187e-04
244 8.65051903114187e-04
245 8.65051903114187e-04
246 8.65051903114187e-04
247 8.65051903114187e-04
248 8.65051903114187e-04
249 8.65051903114187e-04
250 8.65051903114187e-04
251 8.65051903114187e-04
252 8.65051903114187e-04
253 8.65051903114187e-04
254 8.65051903114187e-04
255 8.65051903114187e-04
256 8.65051903114187e-04
257 8.65051903114187e-04
258 8.65051903114187e-04
259 8.65051903114187e-04
260 8.65051903114187e-04
261 8.65051903114187e-04
262 8.65051903114187e-04
263 8.65051903114187e-04
264 8.65051903114187e-04
265 8.65051903114187e-04
266 8.65051903114187e-04
267 8.65051903114187e-04
268 8.65051903114187e-04
269 8.65051903114187e-04
270 8.65051903114187e-04
271 8.65051903114187e-04
272 8.65051903114187e-04
273 8.65051903114187e-04
274 8.65051903114187e-04
275 8.65051903114187e-04
276 8.65051903114187e-04
277 8.65051903114187e-04
278 8.65051903114187e-04
279 8.65051903114187e-04
280 8.65051903114187e-04
281 8.65051903114187e-04
282 8.65051903114187e-04
283 8.65051903114187e-04
284 8.65051903114187e-04
285 8.65051903114187e-04
286 8.65051903114187e-04
287 8.65051903114187e-04
288 8.65051903114187e-04
289 8.65051903114187e-04
290 8.65051903114187e-04
291 8.65051903114187e-04
292 8.65051903114187e-04
293 8.65051903114187e-04
294 8.65051903114187e-04
295 8.65051903114187e-04
296 8.65051903114187e-04
297 8.65051903114187e-04
298 8.65051903114187e-04
299 8.65051903114187e-04
300 8.65051903114187e-04
301 8.65051903114187e-04
302 8.65051903114187e-04
303 8.65051903114187e-04
304 8.65051903114187e-04
305 8.65051903114187e-04
306 8.65051903114187e-04
307 8.65051903114187e-04
308 8.65051903114187e-04
309 8.65051903114187e-04
310 8.65051903114187e-04
311 8.65051903114187e-04
312 8.65051903114187e-04
313 8.65051903114187e-04
314 8.65051903114187e-04
315 8.65051903114187e-04
316 8.65051903114187e-04
317 8.65051903114187e-04
318 8.65051903114187e-04
319 8.65051903114187e-04
320 8.65051903114187e-04
321 8.65051903114187e-04
322 8.65051903114187e-04
323 8.65051903114187e-04
324 8.65051903114187e-04
325 8.65051903114187e-04
326 8.65051903114187e-04
327 8.65051903114187e-04
328 8.65051903114187e-04
329 8.65051903114187e-04
330 8.65051903114187e-04
331 8.65051903114187e-04
332 8.65051903114187e-04
333 8.65051903114187e-04
334 8.65051903114187e-04
335 8.65051903114187e-04
336 8.65051903114187e-04
337 8.65051903114187e-04
338 8.65051903114187e-04
339 8.65051903114187e-04
340 8.65051903114187e-04
341 8.65051903114187e-04
342 8.65051903114187e-04
343 8.65051903114187e-04
344 8.65051903114187e-04
345 8.65051903114187e-04
346 8.65051903114187e-04
347 8.65051903114187e-04
348 8.65051903114187e-04
349 8.65051903114187e-04
350 8.65051903114187e-04
351 8.65051903114187e-04
352 8.65051903114187e-04
353 8.65051903114187e-04
354 8.65051903114187e-04
355 8.65051903114187e-04
356 8.65051903114187e-04
357 8.65051903114187e-04
358 8.65051903114187e-04
359 8.65051903114187e-04
360 8.65051903114187e-04
361 8.65051903114187e-04
362 8.65051903114187e-04
363 8.65051903114187e-04
364 8.65051903114187e-04
365 8.65051903114187e-04
366 8.65051903114187e-04
367 8.65051903114187e-04
368 8.65051903114187e-04
369 8.65051903114187e-04
370 8.65051903114187e-04
371 8.65051903114187e-04
372 8.65051903114187e-04
373 8.65051903114187e-04
374 8.65051903114187e-04
375 8.65051903114187e-04
376 8.65051903114187e-04
377 8.65051903114187e-04
378 8.65051903114187e-04
379 8.65051903114187e-04
380 8.65051903114187e-04
381 8.65051903114187e-04
382 8.65051903114187e-04
383 8.65051903114187e-04
384 8.65051903114187e-04
385 8.65051903114187e-04
386 8.65051903114187e-04
387 8.65051903114187e-04
388 8.65051903114187e-04
389 8.65051903114187e-04
390 8.65051903114187e-04
391 8.65051903114187e-04
392 8.65051903114187e-04
393 8.65051903114187e-04
394 8.65051903114187e-04
395 8.65051903114187e-04
396 8.65051903114187e-04
397 8.65051903114187e-04
398 8.65051903114187e-04
399 8.65051903114187e-04
400 8.65051903114187e-04
401 8.65051903114187e-04
402 8.65051903114187e-04
403 8.65051903114187e-04
404 8.65051903114187e-04
405 8.65051903114187e-04
406 8.65051903114187e-04
407 8.65051903114187e-04
408 8.65051903114187e-04
409 8.65051903114187e-04
410 8.65051903114187e-04
411 8.65051903114187e-04
412 8.65051903114187e-04
413 8.65051903114187e-04
414 8.65051903114187e-04
415 8.65051903114187e-04
416 8.65051903114187e-04
417 8.65051903114187e-04
418 8.65051903114187e-04
419 8.65051903114187e-04
420 8.65051903114187e-04
421 8.65051903114187e-04
422 8.65051903114187e-04
423 8.65051903114187e-04
424 8.65051903114187e-04
425 8.65051903114187e-04
426 8.65051903114187e-04
427 8.65051903114187e-04
428 8.65051903114187e-04
429 8.65051903114187e-04
430 8.65051903114187e-04
431 8.65051903114187e-04
432 8.65051903114187e-04
433 8.65051903114187e-04
434 8.65051903114187e-04
435 8.65051903114187e-04
436 8.65051903114187e-04
437 8.65051903114187e-04
438 8.65051903114187e-04
439 8.65051903114187e-04
440 8.65051903114187e-04
441 8.65051903114187e-04
442 8.65051903114187e-04
443 8.65051903114187e-04
444 8.65051903114187e-04
445 8.65051903114187e-04
446 8.65051903114187e-04
447 8.65051903114187e-04
448 8.65051903114187e-04
449 8.65051903114187e-04
450 8.65051903114187e-04
451 8.65051903114187e-04
452 8.65051903114187e-04
453 8.65051903114187e-04
454 8.65051903114187e-04
455 8.65051903114187e-04
456 8.65051903114187e-04
457 8.65051903114187e-04
458 8.65051903114187e-04
459 8.65051903114187e-04
460 8.65051903114187e-04
461 8.65051903114187e-04
462 8.65051903114187e-04
463 8.65051903114187e-04
464 8.65051903114187e-04
465 8.65051903114187e-04
466 8.65051903114187e-04
467 8.65051903114187e-04
468 8.65051903114187e-04
469 8.65051903114187e-04
470 8.65051903114187e-04
471 8.65051903114187e-04
472 8.65051903114187e-04
473 8.65051903114187e-04
474 8.65051903114187e-04
475 8.65051903114187e-04
476 8.65051903114187e-04
477 8.65051903114187e-04
478 8.65051903114187e-04
479 8.65051903114187e-04
480 8.65051903114187e-04
481 8.65051903114187e-04
482 8.65051903114187e-04
483 8.65051903114187e-04
484 8.65051903114187e-04
485 8.65051903114187e-04
486 8.65051903114187e-04
487 8.65051903114187e-04
488 8.65051903114187e-04
489 8.65051903114187e-04
490 8.65051903114187e-04
491 8.65051903114187e-04
492 8.65051903114187e-04
493 8.65051903114187e-04
494 8.65051903114187e-04
495 8.65051903114187e-04
496 8.65051903114187e-04
497 8.65051903114187e-04
498 8.65051903114187e-04
499 8.65051903114187e-04
500 8.65051903114187e-04
501 8.65051903114187e-04
502 8.65051903114187e-04
503 8.65051903114187e-04
504 8.65051903114187e-04
505 8.65051903114187e-04
506 8.65051903114187e-04
507 8.65051903114187e-04
508 8.65051903114187e-04
509 8.65051903114187e-04
510 8.65051903114187e-04
511 8.65051903114187e-04
512 8.65051903114187e-04
513 8.65051903114187e-04
514 8.65051903114187e-04
515 8.65051903114187e-04
516 8.65051903114187e-04
517 8.65051903114187e-04
518 8.65051903114187e-04
519 8.65051903114187e-04
520 8.65051903114187e-04
521 8.65051903114187e-04
522 8.65051903114187e-04
523 8.65051903114187e-04
524 8.65051903114187e-04
525 8.65051903114187e-04
526 8.65051903114187e-04
527 8.65051903114187e-04
528 8.65051903114187e-04
529 8.65051903114187e-04
530 8.65051903114187e-04
531 8.65051903114187e-04
532 8.65051903114187e-04
533 8.65051903114187e-04
534 8.65051903114187e-04
535 8.65051903114187e-04
536 8.65051903114187e-04
537 8.65051903114187e-04
538 8.65051903114187e-04
539 8.65051903114187e-04
540 8.65051903114187e-04
541 8.65051903114187e-04
542 8.65051903114187e-04
543 8.65051903114187e-04
544 8.65051903114187e-04
545 8.65051903114187e-04
546 8.65051903114187e-04
547 8.65051903114187e-04
548 8.65051903114187e-04
549 8.65051903114187e-04
550 8.65051903114187e-04
551 8.65051903114187e-04
552 8.65051903114187e-04
553 8.65051903114187e-04
554 8.65051903114187e-04
555 8.65051903114187e-04
556 8.65051903114187e-04
557 8.65051903114187e-04
558 8.65051903114187e-04
559 8.65051903114187e-04
560 8.65051903114187e-04
561 8.65051903114187e-04
562 8.65051903114187e-04
563 8.65051903114187e-04
564 8.65051903114187e-04
565 8.65051903114187e-04
566 8.65051903114187e-04
567 8.65051903114187e-04
568 8.65051903114187e-04
569 8.65051903114187e-04
570 8.65051903114187e-04
571 8.65051903114187e-04
572 8.65051903114187e-04
573 8.65051903114187e-04
574 8.65051903114187e-04
575 8.65051903114187e-04
576 8.65051903114187e-04
577 8.65051903114187e-04
578 8.65051903114187e-04
579 8.65051903114187e-04
580 8.65051903114187e-04
581 8.65051903114187e-04
582 8.65051903114187e-04
583 8.65051903114187e-04
584 8.65051903114187e-04
585 8.65051903114187e-04
586 8.65051903114187e-04
587 8.65051903114187e-04
588 8.65051903114187e-04
589 8.65051903114187e-04
590 8.65051903114187e-04
591 8.65051903114187e-04
592 8.65051903114187e-04
593 8.65051903114187e-04
594 8.65051903114187e-04
595 8.65051903114187e-04
596 8.65051903114187e-04
597 8.65051903114187e-04
598 8.65051903114187e-04
599 8.65051903114187e-04
600 8.65051903114187e-04
601 8.65051903114187e-04
602 8.65051903114187e-04
603 8.65051903114187e-04
604 8.65051903114187e-04
605 8.65051903114187e-04
606 8.65051903114187e-04
607 8.65051903114187e-04
608 8.65051903114187e-04
609 8.65051903114187e-04
610 8.65051903114187e-04
611 8.65051903114187e-04
612 8.65051903114187e-04
613 8.65051903114187e-04
614 8.65051903114187e-04
615 8.65051903114187e-04
616 8.65051903114187e-04
617 8.65051903114187e-04
618 8.65051903114187e-04
619 8.65051903114187e-04
620 8.65051903114187e-04
621 8.65051903114187e-04
622 8.65051903114187e-04
623 8.65051903114187e-04
624 8.65051903114187e-04
625 8.65051903114187e-04
626 8.65051903114187e-04
627 8.65051903114187e-04
628 8.65051903114187e-04
629 8.65051903114187e-04
630 8.65051903114187e-04
631 8.65051903114187e-04
632 8.65051903114187e-04
633 8.65051903114187e-04
634 8.65051903114187e-04
635 8.65051903114187e-04
636 8.65051903114187e-04
637 8.65051903114187e-04
638 8.65051903114187e-04
639 8.65051903114187e-04
640 8.65051903114187e-04
641 8.65051903114187e-04
642 8.65051903114187e-04
643 8.65051903114187e-04
644 8.65051903114187e-04
645 8.65051903114187e-04
646 8.65051903114187e-04
647 8.65051903114187e-04
648 8.65051903114187e-04
649 8.65051903114187e-04
650 8.65051903114187e-04
651 8.65051903114187e-04
652 8.65051903114187e-04
653 8.65051903114187e-04
654 8.65051903114187e-04
655 8.65051903114187e-04
656 8.65051903114187e-04
657 8.65051903114187e-04
658 8.65051903114187e-04
659 8.65051903114187e-04
660 8.65051903114187e-04
661 8.65051903114187e-04
662 8.65051903114187e-04
663 8.65051903114187e-04
664 8.65051903114187e-04
665 8.65051903114187e-04
666 8.65051903114187e-04
667 8.65051903114187e-04
668 8.65051903114187e-04
669 8.65051903114187e-04
670 8.65051903114187e-04
671 8.65051903114187e-04
672 8.65051903114187e-04
673 8.65051903114187e-04
674 8.65051903114187e-04
675 8.65051903114187e-04
676 8.65051903114187e-04
677 8.65051903114187e-04
678 8.65051903114187e-04
679 8.65051903114187e-04
680 8.65051903114187e-04
681 8.65051903114187e-04
682 8.65051903114187e-04
683 8.65051903114187e-04
684 8.65051903114187e-04
685 8.65051903114187e-04
686 8.65051903114187e-04
687 8.65051903114187e-04
688 8.65051903114187e-04
689 8.65051903114187e-04
690 8.65051903114187e-04
691 8.65051903114187e-04
692 8.65051903114187e-04
693 8.65051903114187e-04
694 8.65051903114187e-04
695 8.65051903114187e-04
696 8.65051903114187e-04
697 8.65051903114187e-04
698 8.65051903114187e-04
699 8.65051903114187e-04
700 8.65051903114187e-04
701 8.65051903114187e-04
702 8.65051903114187e-04
703 8.65051903114187e-04
704 8.65051903114187e-04
705 8.65051903114187e-04
706 8.65051903114187e-04
707 8.65051903114187e-04
708 8.65051903114187e-04
709 8.65051903114187e-04
710 8.65051903114187e-04
711 8.65051903114187e-04
712 8.65051903114187e-04
713 8.65051903114187e-04
714 8.65051903114187e-04
715 8.65051903114187e-04
716 8.65051903114187e-04
717 8.65051903114187e-04
718 8.65051903114187e-04
719 8.65051903114187e-04
720 8.65051903114187e-04
721 8.65051903114187e-04
722 8.65051903114187e-04
723 8.65051903114187e-04
724 8.65051903114187e-04
725 8.65051903114187e-04
726 8.65051903114187e-04
727 8.65051903114187e-04
728 8.65051903114187e-04
729 8.65051903114187e-04
730 8.65051903114187e-04
731 8.65051903114187e-04
732 8.65051903114187e-04
733 8.65051903114187e-04
734 8.65051903114187e-04
735 8.65051903114187e-04
736 8.65051903114187e-04
737 8.65051903114187e-04
738 8.65051903114187e-04
739 8.65051903114187e-04
740 8.65051903114187e-04
741 8.65051903114187e-04
742 8.65051903114187e-04
743 8.65051903114187e-04
744 8.65051903114187e-04
745 8.65051903114187e-04
746 8.65051903114187e-04
747 8.65051903114187e-04
748 8.65051903114187e-04
749 8.65051903114187e-04
750 8.65051903114187e-04
751 8.65051903114187e-04
752 8.65051903114187e-04
753 8.65051903114187e-04
754 8.65051903114187e-04
755 8.65051903114187e-04
756 8.65051903114187e-04
757 8.65051903114187e-04
758 8.65051903114187e-04
759 8.65051903114187e-04
760 8.65051903114187e-04
761 8.65051903114187e-04
762 8.65051903114187e-04
763 8.65051903114187e-04
764 8.65051903114187e-04
765 8.65051903114187e-04
766 8.65051903114187e-04
767 8.65051903114187e-04
768 8.65051903114187e-04
769 8.65051903114187e-04
770 8.65051903114187e-04
771 8.65051903114187e-04
772 8.65051903114187e-04
773 8.65051903114187e-04
774 8.65051903114187e-04
775 8.65051903114187e-04
776 8.65051903114187e-04
777 8.65051903114187e-04
778 8.65051903114187e-04
779 8.65051903114187e-04
780 8.65051903114187e-04
781 8.65051903114187e-04
782 8.65051903114187e-04
783 8.65051903114187e-04
784 8.65051903114187e-04
785 8.65051903114187e-04
786 8.65051903114187e-04
787 8.65051903114187e-04
788 8.65051903114187e-04
789 8.65051903114187e-04
790 8.65051903114187e-04
791 8.65051903114187e-04
792 8.65051903114187e-04
793 8.65051903114187e-04
794 8.65051903114187e-04
795 8.65051903114187e-04
796 8.65051903114187e-04
797 8.65051903114187e-04
798 8.65051903114187e-04
799 8.65051903114187e-04
800 8.65051903114187e-04
801 8.65051903114187e-04
802 8.65051903114187e-04
803 8.65051903114187e-04
804 8.65051903114187e-04
805 8.65051903114187e-04
806 8.65051903114187e-04
807 8.65051903114187e-04
808 8.65051903114187e-04
809 8.65051903114187e-04
810 8.65051903114187e-04
811 8.65051903114187e-04
812 8.65051903114187e-04
813 8.65051903114187e-04
814 8.65051903114187e-04
815 8.65051903114187e-04
816 8.65051903114187e-04
817 8.65051903114187e-04
818 8.65051903114187e-04
819 8.65051903114187e-04
820 8.65051903114187e-04
821 8.65051903114187e-04
822 8.65051903114187e-04
823 8.65051903114187e-04
824 8.65051903114187e-04
825 8.65051903114187e-04
826 8.65051903114187e-04
827 8.65051903114187e-04
828 8.65051903114187e-04
829 8.65051903114187e-04
830 8.65051903114187e-04
831 8.65051903114187e-04
832 8.65051903114187e-04
833 8.65051903114187e-04
834 8.65051903114187e-04
835 8.65051903114187e-04
836 8.65051903114187e-04
837 8.65051903114187e-04
838 8.65051903114187e-04
839 8.65051903114187e-04
840 8.65051903114187e-04
841 8.65051903114187e-04
842 8.65051903114187e-04
843 8.65051903114187e-04
844 8.65051903114187e-04
845 8.65051903114187e-04
846 8.65051903114187e-04
847 8.65051903114187e-04
848 8.65051903114187e-04
849 8.65051903114187e-04
850 8.65051903114187e-04
851 8.65051903114187e-04
852 8.65051903114187e-04
853 8.65051903114187e-04
854 8.65051903114187e-04
855 8.65051903114187e-04
856 8.65051903114187e-04
857 8.65051903114187e-04
858 8.65051903114187e-04
859 8.65051903114187e-04
860 8.65051903114187e-04
861 8.65051903114187e-04
862 8.65051903114187e-04
863 8.65051903114187e-04
864 8.65051903114187e-04
865 8.65051903114187e-04
866 8.65051903114187e-04
867 8.65051903114187e-04
868 8.65051903114187e-04
869 8.65051903114187e-04
870 8.65051903114187e-04
871 8.65051903114187e-04
872 8.65051903114187e-04
873 8.65051903114187e-04
874 8.65051903114187e-04
875 8.65051903114187e-04
876 8.65051903114187e-04
877 8.65051903114187e-04
878 8.65051903114187e-04
879 8.65051903114187e-04
880 8.65051903114187e-04
881 8.65051903114187e-04
882 8.65051903114187e-04
883 8.65051903114187e-04
884 8.65051903114187e-04
885 8.65051903114187e-04
886 8.65051903114187e-04
887 8.65051903114187e-04
888 8.65051903114187e-04
889 8.65051903114187e-04
890 8.65051903114187e-04
891 8.65051903114187e-04
892 8.65051903114187e-04
893 8.65051903114187e-04
894 8.65051903114187e-04
895 8.65051903114187e-04
896 8.65051903114187e-04
897 8.65051903114187e-04
898 8.65051903114187e-04
899 8.65051903114187e-04
900 8.65051903114187e-04
901 8.65051903114187e-04
902 8.65051903114187e-04
903 8.65051903114187e-04
904 8.65051903114187e-04
905 8.65051903114187e-04
906 8.65051903114187e-04
907 8.65051903114187e-04
908 8.65051903114187e-04
909 8.65051903114187e-04
910 8.65051903114187e-04
911 8.65051903114187e-04
912 8.65051903114187e-04
913 8.65051903114187e-04
914 8.65051903114187e-04
915 8.65051903114187e-04
916 8.65051903114187e-04
917 8.65051903114187e-04
918 8.65051903114187e-04
919 8.65051903114187e-04
920 8.65051903114187e-04
921 8.65051903114187e-04
922 8.65051903114187e-04
923 8.65051903114187e-04
924 8.65051903114187e-04
925 8.65051903114187e-04
926 8.65051903114187e-04
927 8.65051903114187e-04
928 8.65051903114187e-04
929 8.65051903114187e-04
930 8.65051903114187e-04
931 8.65051903114187e-04
932 8.65051903114187e-04
933 8.65051903114187e-04
934 8.65051903114187e-04
935 8.65051903114187e-04
936 8.65051903114187e-04
937 8.65051903114187e-04
938 8.65051903114187e-04
939 8.65051903114187e-04
940 8.65051903114187e-04
941 8.65051903114187e-04
942 8.65051903114187e-04
943 8.65051903114187e-04
944 8.65051903114187e-04
945 8.65051903114187e-04
946 8.65051903114187e-04
947 8.65051903114187e-04
948 8.65051903114187e-04
949 8.65051903114187e-04
950 8.65051903114187e-04
951 8.65051903114187e-04
952 8.65051903114187e-04
953 8.65051903114187e-04
954 8.65051903114187e-04
955 8.65051903114187e-04
956 8.65051903114187e-04
957 8.65051903114187e-04
958 8.65051903114187e-04
959 8.65051903114187e-04
960 8.65051903114187e-04
961 8.65051903114187e-04
962 8.65051903114187e-04
963 8.65051903114187e-04
964 8.65051903114187e-04
965 8.65051903114187e-04
966 8.65051903114187e-04
967 8.65051903114187e-04
968 8.65051903114187e-04
969 8.65051903114187e-04
970 8.65051903114187e-04
971 8.65051903114187e-04
972 8.65051903114187e-04
973 8.65051903114187e-04
974 8.65051903114187e-04
975 8.65051903114187e-04
976 8.65051903114187e-04
977 8.65051903114187e-04
978 8.65051903114187e-04
979 8.65051903114187e-04
980 8.65051903114187e-04
981 8.65051903114187e-04
982 8.65051903114187e-04
983 8.65051903114187e-04
984 8.65051903114187e-04
985 8.65051903114187e-04
986 8.65051903114187e-04
987 8.65051903114187e-04
988 8.65051903114187e-04
989 8.65051903114187e-04
990 8.65051903114187e-04
991 8.65051903114187e-04
992 8.65051903114187e-04
993 8.65051903114187e-04
994 8.65051903114187e-04
995 8.65051903114187e-04
996 8.65051903114187e-04
997 8.65051903114187e-04
998 8.65051903114187e-04
999 8.65051903114187e-04
1000 8.65051903114187e-04
1001 8.65051903114187e-04
1002 8.65051903114187e-04
1003 8.65051903114187e-04
1004 8.65051903114187e-04
1005 8.65051903114187e-04
1006 8.65051903114187e-04
1007 8.65051903114187e-04
1008 8.65051903114187e-04
1009 8.65051903114187e-04
1010 8.65051903114187e-04
1011 8.65051903114187e-04
1012 8.65051903114187e-04
1013 8.65051903114187e-04
1014 8.65051903114187e-04
1015 8.65051903114187e-04
1016 8.65051903114187e-04
1017 8.65051903114187e-04
1018 8.65051903114187e-04
1019 8.65051903114187e-04
1020 8.65051903114187e-04
1021 8.65051903114187e-04
1022 8.65051903114187e-04
1023 8.65051903114187e-04
1024 8.65051903114187e-04
1025 8.65051903114187e-04
1026 8.65051903114187e-04
1027 8.65051903114187e-04
1028 8.65051903114187e-04
1029 8.65051903114187e-04
1030 8.65051903114187e-04
1031 8.65051903114187e-04
1032 8.65051903114187e-04
1033 8.65051903114187e-04
1034 8.65051903114187e-04
1035 8.65051903114187e-04
1036 8.65051903114187e-04
1037 8.65051903114187e-04
1038 8.65051903114187e-04
1039 8.65051903114187e-04
1040 8.65051903114187e-04
1041 8.65051903114187e-04
1042 8.65051903114187e-04
1043 8.65051903114187e-04
1044 8.65051903114187e-04
1045 8.65051903114187e-04
1046 8.65051903114187e-04
1047 8.65051903114187e-04
1048 8.65051903114187e-04
1049 8.65051903114187e-04
1050 8.65051903114187e-04
1051 8.65051903114187e-04
1052 8.65051903114187e-04
1053 8.65051903114187e-04
1054 8.65051903114187e-04
1055 8.65051903114187e-04
1056 8.65051903114187e-04
1057 8.65051903114187e-04
1058 8.65051903114187e-04
1059 8.65051903114187e-04
1060 8.65051903114187e-04
1061 8.65051903114187e-04
1062 8.65051903114187e-04
1063 8.65051903114187e-04
1064 8.65051903114187e-04
1065 8.65051903114187e-04
1066 8.65051903114187e-04
1067 8.65051903114187e-04
1068 8.65051903114187e-04
1069 8.65051903114187e-04
1070 8.65051903114187e-04
1071 8.65051903114187e-04
1072 8.65051903114187e-04
1073 8.65051903114187e-04
1074 8.65051903114187e-04
1075 8.65051903114187e-04
1076 8.65051903114187e-04
1077 8.65051903114187e-04
1078 8.65051903114187e-04
1079 8.65051903114187e-04
1080 8.65051903114187e-04
1081 8.65051903114187e-04
1082 8.65051903114187e-04
1083 8.65051903114187e-04
1084 8.65051903114187e-04
1085 8.65051903114187e-04
1086 8.65051903114187e-04
1087 8.65051903114187e-04
1088 8.65051903114187e-04
